 0.0019    4.5876    0.0677    0.0008         0    0.0039    0.0514
 0.0024    2.1967    0.0469    0.0010         0    0.0060    0.0359
 0.0041    1.9382    0.0440    0.0016         0         0    0.0268
 0.0035    3.7034    0.0609    0.0014         0         0    0.0377
 0.0031    2.5813    0.0508    0.0013         0         0    0.0340
 0.0016    3.5622    0.0597    0.0005         0    0.0272    0.0555
 2.0464  531.7023   23.0587    0.7147         0         0   19.2558
 0.0051    2.6765    0.0517    0.0016         0    0.0030    0.0354
 0.0016    5.7696    0.0760    0.0006         0    0.0063    0.0637
 0.0020    4.5954    0.0678    0.0008         0         0    0.0500
 0.0035    1.2562    0.0354    0.0015         0         0    0.0209
 0.0025    3.3672    0.0580    0.0010         0         0    0.0425
 0.0042    2.6142    0.0511    0.0015         0    0.0056    0.0366
 0.0022    1.6266    0.0403    0.0009         0         0    0.0285
 8.0101   60.3472    7.7683    2.5005         0         0    3.1389
 6.5044  109.2226   10.4510    2.1843         0         0    4.9934
 3.8004  298.8383   17.2869    1.4371         0         0   11.8129
 2.4202  147.0364   12.1259    1.0220         0         0    8.7001
 3.9917  165.6866   12.8719    1.5053         0         0    8.1333
 0.0035    5.9674    0.0772    0.0014         0    0.0141    0.0521
 0.0053    3.8439    0.0620    0.0018         0    0.0139    0.0401
 0.0037    2.6826    0.0518    0.0014         0         0    0.0346
 0.0083    0.9751    0.0312    0.0026         0    0.0026    0.0159
